Horas,fi,Fi,fr,Fri
2,9,9,18.0,18.0
3,4,13,8.0,26.0
4,6,19,12.0,38.0
5,6,25,12.0,50.0
6,6,31,12.0,62.0
7,3,34,6.0,68.0
8,7,41,14.000000000000002,82.0
10,7,48,14.000000000000002,96.0
12,2,50,4.0,100.0
